  1 |  2 | 12 |  5 |  6 | 13 |  4 |  7 | 14 | 15 | 10 |  8 | 16 | 17 | 11 |  9 | 18 | 19 | 20 |  3
  2 | 17 |  3 |  6 |  9 | 12 | 18 |  5 |  1 | 13 | 19 |  7 | 10 | 14 | 20 |  8 | 11 | 15 | 16 |  4
 16 | 10 | 17 |  1 |  5 |  2 |  8 | 18 | 19 | 11 |  4 |  6 | 15 | 12 |  9 |  7 |  3 | 13 | 14 | 20
 11 | 13 | 15 |  2 |  7 | 19 |  5 | 14 | 16 |  1 | 17 | 12 |  8 | 20 |  3 | 10 |  4 |  6 |  9 | 18
 20 |  8 |  5 | 11 |  1 |  4 |  6 | 15 | 10 | 18 | 16 | 14 |  7 |  9 | 17 |  3 | 12 |  2 | 13 | 19
 18 |  9 | 19 | 14 |  2 |  3 | 20 | 16 | 11 | 17 | 13 | 15 | 12 |  1 |  7 |  4 |  5 |  8 | 10 |  6
 17 | 15 | 10 | 12 |  8 | 14 |  1 |  6 | 20 |  7 | 18 | 19 |  3 |  2 |  4 | 13 |  9 | 16 |  5 | 11
  9 |  3 | 13 |  7 | 10 |  1 |  2 |  8 | 15 |  6 | 12 | 20 |  4 | 18 |  5 | 14 | 17 | 11 | 19 | 16
  5 | 16 |  9 | 19 | 11 |  7 | 12 |  1 | 13 |  2 | 20 |  3 | 18 |  6 | 10 | 15 |  8 | 17 |  4 | 14
  7 | 14 | 16 | 20 | 12 |  5 | 10 |  2 |  9 |  8 | 11 |  4 | 19 | 15 | 18 | 17 |  1 |  3 |  6 | 13
 14 |  6 |  8 | 15 | 13 | 16 | 19 |  9 |  3 | 10 |  1 |  5 |  2 |  4 | 12 | 18 | 20 |  7 | 11 | 17
 15 | 12 | 18 |  8 | 14 | 11 | 16 | 10 |  4 |  3 |  2 |  9 | 20 |  5 |  6 | 19 | 13 |  1 | 17 |  7
 13 | 19 | 20 | 18 | 15 |  6 | 11 |  3 | 12 |  4 |  5 |  1 | 17 | 10 |  8 | 16 |  2 | 14 |  7 |  9
  6 |  5 |  1 | 10 | 16 |  8 |  3 |  4 | 17 | 14 | 15 |  2 | 13 | 11 | 19 | 20 |  7 |  9 | 18 | 12
 12 | 20 |  6 | 13 |  3 | 10 |  7 | 17 | 18 | 19 |  9 | 16 | 14 |  8 |  1 | 11 | 15 |  4 |  2 |  5
 10 | 18 | 11 | 16 |  4 | 20 | 13 | 19 |  7 |  9 | 14 | 17 |  1 |  3 |  2 | 12 |  6 |  5 |  8 | 15
 19 |  4 |  2 |  3 | 17 |  9 | 15 | 11 |  6 | 20 |  7 | 10 |  5 | 13 | 14 |  1 | 16 | 18 | 12 |  8
  8 |  7 | 14 |  4 | 18 | 15 | 17 | 20 |  5 | 12 |  6 | 11 |  9 | 16 | 13 |  2 | 19 | 10 |  3 |  1
  3 | 11 |  4 | 17 | 19 | 18 |  9 | 12 |  2 | 16 |  8 | 13 |  6 |  7 | 15 |  5 | 14 | 20 |  1 | 10
  4 |  1 |  7 |  9 | 20 | 17 | 14 | 13 |  8 |  5 |  3 | 18 | 11 | 19 | 16 |  6 | 10 | 12 | 15 |  2
